Drama,Thriller,Romance,Adventure,Action,History,Comedy,Mystery,Fantasy,Animation,Family,Crime,War,Science Fiction,Horror,Music,Western,TV Movie
1,1,0,0,0,0,0,0,0,0,0,0,0,0,0,0,0,0
1,0,1,0,0,0,0,0,0,0,0,0,0,0,0,0,0,0
1,0,0,1,1,1,0,0,0,0,0,0,0,0,0,0,0,0
1,0,0,0,0,0,1,0,0,0,0,0,0,0,0,0,0,0
1,1,0,0,1,0,0,0,0,0,0,0,0,0,0,0,0,0
1,0,0,0,0,0,0,0,0,0,0,0,0,0,0,0,0,0
1,0,0,0,0,0,1,1,0,0,0,0,0,0,0,0,0,0
1,0,1,0,0,0,0,1,0,0,0,0,0,0,0,0,0,0
1,0,0,0,0,0,0,0,0,0,0,0,0,0,0,0,0,0
0,0,0,1,0,0,0,0,1,1,0,0,0,0,0,0,0,0
0,0,0,0,0,0,0,0,1,1,1,0,0,0,0,0,0,0
1,1,1,0,0,0,0,1,0,0,0,1,0,0,0,0,0,0
1,0,1,0,0,0,0,0,0,0,0,0,0,0,0,0,0,0
1,0,1,1,1,0,0,0,0,0,0,0,0,0,0,0,0,0
0,0,0,0,0,0,1,0,0,0,0,1,0,0,0,0,0,0
0,0,1,0,0,0,1,0,0,0,0,0,0,0,0,0,0,0
1,0,1,0,0,0,1,0,0,0,0,0,0,0,0,0,0,0
1,0,0,1,1,0,0,0,0,0,0,0,0,0,0,0,0,0
1,1,1,0,0,0,0,0,0,0,0,0,0,0,0,0,0,0
1,0,0,0,0,0,1,0,1,0,0,0,0,0,0,0,0,0
1,0,0,0,0,0,0,0,0,0,0,0,0,0,0,0,0,0
1,1,0,0,0,0,0,0,0,0,0,1,0,0,0,0,0,0
1,0,0,0,0,0,1,0,0,0,0,0,0,0,0,0,0,0
1,0,1,0,0,0,0,0,0,0,0,0,0,0,0,0,0,0
1,0,0,0,0,0,0,0,0,0,0,0,0,0,0,0,0,0
1,1,0,0,0,0,0,0,0,0,0,1,0,0,0,0,0,0
1,1,0,0,0,0,0,1,0,0,0,0,0,0,0,0,0,0
1,0,0,0,0,0,1,0,0,0,0,0,0,0,0,0,0,0
1,1,0,0,0,0,0,0,0,0,0,0,0,0,0,0,0,0
1,1,0,0,0,0,0,0,0,0,0,0,0,0,0,0,0,0
1,0,0,0,0,0,0,0,0,0,0,1,0,0,0,0,0,0
1,0,0,0,0,1,0,0,0,0,0,0,1,0,0,0,0,0
1,0,0,0,0,0,1,0,0,0,0,0,0,0,0,0,0,0
0,0,0,1,1,0,0,0,1,1,0,0,0,1,0,0,0,0
1,0,0,0,0,0,0,0,0,0,0,0,0,0,0,0,0,0
1,1,0,0,1,0,0,1,0,0,0,0,0,0,0,0,0,0
1,0,1,0,0,0,0,0,0,0,0,0,0,0,0,0,0,0
1,0,1,0,0,0,0,0,1,0,0,0,0,1,0,0,0,0
0,0,0,0,0,0,1,0,1,0,0,0,0,1,0,0,0,0
0,0,0,1,0,0,0,0,1,0,0,0,0,1,0,0,0,0
1,1,0,0,0,0,0,1,0,0,0,1,0,0,0,0,0,0
1,0,0,0,0,0,1,0,0,0,0,1,0,0,0,0,0,0
0,0,1,0,0,0,1,0,0,0,0,0,0,0,0,0,0,0
1,0,0,0,0,0,0,0,0,0,0,0,0,0,0,0,0,0
1,0,0,0,0,0,0,0,0,0,0,0,0,1,1,0,0,0
1,0,1,0,0,0,0,0,0,0,0,1,0,0,0,0,0,0
1,0,1,0,0,0,0,0,0,0,0,0,0,0,0,0,0,0
1,0,1,0,0,0,0,0,0,0,0,0,0,0,0,0,0,0
1,0,0,0,0,0,0,0,0,0,0,0,0,0,0,1,0,0
1,0,0,0,0,0,0,0,1,0,0,0,1,0,0,0,0,0
1,1,0,0,0,0,0,0,1,0,0,0,0,0,1,0,0,0
1,0,0,0,1,0,0,0,1,0,0,0,0,0,0,0,0,0
1,0,0,0,0,0,0,0,0,0,0,1,0,0,0,1,0,0
1,0,1,0,0,0,1,0,0,0,0,0,0,0,0,0,0,0
1,1,0,0,0,0,0,0,0,0,0,0,0,0,0,0,0,0
1,1,0,0,0,0,0,0,0,0,0,0,0,0,0,0,0,0
1,0,0,0,0,0,0,0,0,0,0,0,0,0,0,0,0,0
1,0,1,0,0,0,0,0,0,0,0,0,0,0,0,0,0,0
1,0,1,0,0,0,1,0,0,0,0,0,0,0,0,0,0,0
1,1,0,0,0,0,0,0,0,0,0,0,0,0,0,0,0,0
1,0,0,0,0,0,0,0,0,0,0,0,0,0,0,0,0,0
0,1,0,0,0,0,1,1,0,0,0,1,0,0,0,1,0,0
0,0,0,0,1,0,1,0,0,0,0,1,0,0,0,0,1,0
1,0,0,0,0,0,0,0,0,0,0,0,0,0,0,0,0,0
1,0,0,0,0,0,0,0,0,1,0,0,0,0,0,0,0,0
1,0,0,0,0,0,0,0,0,0,0,0,0,0,0,0,0,0
1,0,0,0,0,1,0,0,0,0,0,0,1,0,0,0,0,0
0,0,0,0,0,0,1,0,0,0,0,0,0,0,0,0,0,0
1,1,0,0,1,0,0,0,0,0,0,1,0,0,0,0,0,0
1,0,0,0,1,0,1,0,0,0,0,0,0,0,0,0,0,0
1,0,0,0,0,1,0,0,0,0,0,0,0,0,0,0,0,0
1,0,1,0,0,0,0,0,0,0,0,0,0,0,0,0,0,0
0,0,0,0,0,0,0,0,1,0,0,0,0,1,0,0,0,0
0,0,0,0,1,0,1,0,0,0,0,0,0,0,0,0,0,0
0,0,0,0,1,0,1,0,0,0,0,0,0,0,0,0,0,0
0,0,0,0,1,0,1,0,0,0,0,0,0,0,0,0,0,0
0,0,0,0,1,0,1,0,0,0,0,0,0,0,0,0,0,0
0,0,0,1,0,0,1,0,1,0,1,0,0,0,0,0,0,0
1,1,0,0,1,0,0,0,0,0,0,0,1,0,0,0,0,0
1,0,0,0,0,0,0,0,0,0,0,0,0,0,0,0,0,0
0,1,0,0,0,0,0,0,0,0,0,0,0,0,1,0,0,0
1,0,1,0,0,0,0,0,0,0,0,0,1,0,0,0,0,0
1,0,1,0,0,0,0,0,0,0,0,0,0,0,0,0,0,0
0,0,0,1,0,0,1,0,1,0,1,0,0,0,0,0,0,0
0,1,0,0,1,0,0,0,1,0,0,0,0,0,0,0,0,0
1,1,0,1,0,0,0,0,0,0,0,0,0,0,0,0,0,0
0,1,0,0,1,0,0,0,0,0,0,0,0,0,0,0,0,0
1,0,0,0,0,0,1,0,0,0,1,0,0,0,0,0,0,0
1,1,0,0,0,0,0,0,0,0,0,0,0,0,0,0,0,0
1,0,0,0,0,0,0,1,0,0,0,0,0,0,1,0,0,0
1,1,1,0,1,0,0,0,0,0,0,0,0,0,0,0,0,0
1,1,0,0,1,0,0,0,0,0,0,0,0,0,0,0,0,0
0,0,0,1,0,0,0,0,1,1,0,0,0,0,0,0,0,0
1,1,0,0,0,0,0,1,0,1,0,0,0,1,0,0,0,0
0,0,0,1,0,0,0,0,0,0,1,0,0,0,0,0,0,0
1,0,1,0,0,0,1,0,0,0,0,0,0,0,0,0,0,0
1,0,0,0,0,0,0,0,0,0,0,0,0,0,0,0,0,0
1,0,0,0,1,0,0,0,0,0,0,0,0,1,0,0,0,0
0,1,0,0,0,0,0,1,0,0,0,0,0,0,0,0,0,0
1,0,0,0,0,0,0,0,0,0,0,1,0,0,0,0,0,0
1,0,1,0,0,0,1,0,0,0,0,0,0,0,0,0,0,0
1,0,0,1,0,0,1,0,1,0,0,0,0,0,0,1,0,0
0,0,0,1,1,1,0,0,0,0,0,0,0,0,1,0,0,0
1,1,0,0,0,0,0,0,0,0,0,0,0,0,1,0,0,0
1,0,1,0,0,0,1,0,0,0,0,0,0,0,0,0,0,0
1,1,0,0,1,1,0,0,0,0,0,1,0,0,0,0,0,0
0,0,0,0,0,0,1,0,0,0,0,1,0,0,0,0,0,0
1,1,0,0,0,0,0,0,0,0,0,1,0,0,0,0,0,0
1,0,0,0,1,0,0,0,0,0,0,1,0,0,0,0,0,0
0,1,0,0,1,0,0,0,0,0,0,1,0,0,0,0,0,0
1,0,0,0,0,0,0,0,0,0,0,0,0,0,0,0,0,0
1,0,0,0,1,0,0,0,0,0,0,0,0,0,0,0,0,0
1,1,0,0,0,0,0,0,0,0,0,0,0,0,0,0,0,0
1,0,0,0,0,0,0,0,0,0,0,0,1,0,0,0,0,0
1,0,0,0,0,1,1,0,0,0,0,0,0,0,0,0,0,0
1,1,1,0,0,0,0,0,0,0,0,0,0,0,0,0,0,0
1,0,1,0,0,0,1,0,0,0,0,0,0,0,0,0,0,0
0,0,0,0,0,0,0,1,0,0,0,0,0,0,1,0,0,0
1,0,0,0,1,1,0,0,0,0,0,0,0,0,0,0,0,0
0,0,0,0,0,0,1,0,0,0,0,0,0,0,0,0,1,0
1,0,1,0,0,0,1,0,0,0,0,0,0,0,0,0,0,0
1,0,0,0,0,0,0,0,0,0,0,0,0,0,0,0,0,0
0,1,0,1,1,0,1,0,0,0,0,0,0,0,0,0,0,0
0,0,0,0,0,0,1,0,0,0,0,0,0,0,0,0,0,0
1,0,0,0,0,0,1,0,0,0,0,0,0,0,0,0,0,0
1,0,0,0,0,0,0,0,0,0,0,0,0,0,0,0,0,0
1,0,0,0,0,0,0,0,0,0,0,0,0,0,0,0,0,0
1,0,0,0,0,0,0,0,0,0,0,1,0,0,0,0,0,0
1,1,0,0,1,0,0,0,0,0,0,1,0,0,0,0,0,0
1,1,0,0,0,0,0,0,0,0,0,0,1,0,0,0,0,0
0,1,0,0,0,0,0,0,0,0,0,0,0,0,1,0,0,0
0,1,0,0,1,0,0,0,0,0,0,0,0,0,0,0,0,0
0,0,0,0,1,0,0,0,0,1,0,0,0,1,0,0,0,0
0,1,0,0,1,0,0,0,0,0,0,1,0,0,0,0,0,0
0,0,0,1,0,0,1,0,0,1,1,0,0,0,0,0,0,0
1,1,0,1,1,0,1,0,0,0,0,1,0,0,0,0,0,0
0,0,0,0,0,0,1,0,0,0,0,0,0,0,0,0,0,0
0,0,0,0,1,0,1,0,1,0,0,1,0,0,0,0,0,0
1,1,0,0,0,0,0,0,0,0,0,0,0,0,1,0,0,0
1,0,1,1,1,0,0,0,0,0,0,0,0,0,0,0,0,0
0,0,0,1,0,0,1,0,1,0,1,0,0,0,0,0,0,0
0,1,0,0,1,0,0,1,1,0,0,1,0,1,0,0,0,0
0,0,0,0,0,0,0,0,0,1,0,0,0,1,0,0,0,0
0,0,0,1,0,0,1,0,0,1,1,0,0,0,0,0,0,0
1,0,0,0,0,0,1,0,0,1,0,0,0,0,0,0,0,0
0,0,0,0,1,0,0,0,0,0,0,1,0,0,1,0,0,0
0,0,0,0,0,0,1,0,0,0,0,0,0,0,0,0,0,0
0,1,0,0,0,0,0,0,0,0,0,0,0,0,1,0,0,0
0,0,0,0,0,0,1,0,0,0,0,0,0,1,0,0,0,0
0,1,0,0,1,0,0,0,0,0,0,0,0,1,0,0,0,0
1,0,0,0,0,0,1,0,0,0,0,1,0,0,1,0,0,0
0,1,0,0,0,0,0,1,0,0,0,0,0,0,1,0,0,0
0,0,0,1,1,0,0,0,0,1,0,0,0,0,0,0,0,0
1,1,0,0,0,0,0,0,0,0,0,0,0,0,1,0,0,0
0,0,0,0,1,0,0,0,0,0,0,1,0,0,0,0,0,0
0,0,0,0,0,0,1,0,1,0,0,0,0,0,0,0,0,0
1,0,1,0,0,0,0,0,0,0,0,0,0,0,0,1,0,0
0,0,0,0,0,0,0,0,0,0,0,0,0,0,1,0,0,0
1,0,0,0,0,0,0,0,0,0,0,0,0,0,0,0,0,0
0,1,0,0,0,0,0,0,0,1,0,0,0,0,0,0,0,0
0,0,0,0,0,0,1,0,1,0,1,0,0,0,0,0,0,0
0,0,0,0,1,0,1,0,0,0,0,1,0,0,0,0,0,0
0,1,0,0,0,0,0,0,0,0,0,0,0,0,1,0,0,0
0,0,0,0,1,0,1,0,0,0,0,1,0,0,1,0,0,0
1,0,0,0,0,0,1,0,0,0,0,0,0,0,0,0,0,0
1,1,0,0,1,0,0,1,0,0,0,1,0,0,0,0,0,0
1,1,0,0,0,0,0,1,0,0,0,1,0,0,0,0,0,0
0,0,0,0,0,0,0,0,0,1,1,0,0,0,0,0,0,0
0,1,0,0,0,0,0,0,0,0,0,0,0,0,1,0,0,0
1,0,1,0,0,0,1,0,0,0,0,0,0,0,0,0,0,0
1,0,0,0,0,0,0,0,0,0,0,0,0,0,0,0,0,0
0,0,0,0,0,0,1,0,0,0,0,0,0,0,0,0,1,0
0,1,0,1,1,0,0,0,0,0,0,1,0,0,0,0,0,0
0,0,0,1,1,0,0,0,1,1,1,0,0,0,0,0,0,0
1,0,1,0,0,0,0,0,0,0,0,0,0,0,0,0,0,0
1,0,0,0,0,0,0,0,0,0,0,0,0,0,0,0,0,0
1,0,1,0,0,0,1,0,0,0,0,0,0,0,0,0,0,0
1,1,0,0,0,0,0,1,0,0,0,0,0,0,1,0,0,0
0,1,0,0,1,0,1,0,0,0,0,1,0,0,0,0,0,0
1,0,0,0,0,1,0,0,0,0,0,0,1,0,0,0,0,0
1,0,1,0,0,0,1,0,0,0,0,0,0,0,0,0,0,0
0,1,0,0,1,0,0,0,0,0,0,1,0,0,0,0,0,0
1,0,0,0,0,1,0,0,0,0,0,0,0,0,0,0,0,0
1,0,1,0,0,0,1,0,0,0,0,0,0,0,0,0,0,0
1,1,0,0,0,0,0,1,0,0,0,0,0,0,0,0,0,0
1,0,1,0,1,0,0,0,0,0,0,0,0,0,0,0,0,0
1,0,1,0,0,0,1,0,1,0,0,0,0,0,0,0,0,0
0,0,0,0,1,0,0,0,0,1,0,0,0,1,0,0,0,0
1,0,0,0,1,0,0,0,0,0,0,1,0,0,0,0,0,0
1,0,0,0,0,0,0,0,0,0,0,0,0,0,0,0,0,0
1,1,0,0,0,0,0,0,0,0,0,1,0,0,0,0,0,0
0,0,0,0,0,0,1,0,0,0,0,0,0,0,0,0,0,0
1,0,0,0,0,0,0,0,0,0,0,0,0,0,0,0,0,0
1,0,0,1,0,0,1,0,0,0,1,0,0,0,0,0,0,0
0,0,1,1,1,0,0,1,0,0,0,1,0,0,0,0,0,0
0,0,0,1,0,0,1,0,0,1,0,0,0,0,0,0,0,0
1,0,1,0,0,0,1,0,0,0,0,0,0,0,0,0,0,0
1,1,0,0,1,0,0,0,0,0,0,1,0,0,0,0,0,0
1,1,0,0,0,0,0,0,0,0,0,0,0,0,1,0,0,0
1,0,0,1,1,1,0,0,0,0,0,0,1,0,0,0,0,0
1,0,1,0,0,0,0,0,0,0,0,0,0,0,0,0,0,0
1,0,1,0,0,1,0,0,0,0,0,0,1,0,0,0,0,0
0,0,0,0,0,0,1,0,1,0,0,0,0,0,0,0,0,0
0,0,0,0,1,0,1,0,0,0,0,0,0,0,0,0,0,0
0,1,0,0,1,0,0,0,0,0,0,1,0,0,0,0,0,0
0,0,0,0,0,0,0,0,0,0,0,0,0,0,1,0,0,0
0,1,0,0,1,0,1,0,0,0,0,0,0,0,0,0,0,0
1,0,0,0,0,0,1,0,0,0,0,0,1,0,0,0,0,0
1,0,0,0,0,0,0,0,0,0,0,1,0,0,0,0,0,0
1,0,0,0,0,0,0,0,0,1,0,0,0,1,0,0,0,0
1,0,0,0,0,0,0,0,0,0,0,0,0,0,0,0,0,0
0,1,0,0,0,0,0,1,0,0,0,0,0,0,1,0,0,0
0,0,0,0,1,0,1,0,0,0,0,0,0,0,0,0,0,0
0,0,0,1,1,1,0,0,0,0,0,0,1,0,0,0,0,0
1,0,0,1,1,0,0,0,0,0,0,0,1,0,0,0,0,0
1,0,1,0,0,0,1,0,0,0,0,0,0,0,0,0,0,0
0,0,0,0,0,0,0,0,0,1,1,0,0,0,0,0,0,0
0,0,0,1,0,0,0,0,1,1,1,0,0,1,0,0,0,0
0,0,0,1,0,0,0,0,1,1,1,0,0,1,0,0,0,0
1,1,0,0,0,0,0,0,0,0,0,0,0,0,1,0,0,0
0,0,0,0,0,0,1,0,0,0,0,0,0,0,0,0,0,0
1,0,1,1,0,0,0,0,0,1,0,0,0,1,0,0,0,0
0,0,0,0,0,0,1,0,0,0,0,0,0,0,0,0,0,0
1,0,0,0,0,0,0,0,0,0,0,0,0,0,1,0,0,0
0,0,0,0,0,0,0,0,0,0,0,0,0,0,1,0,0,0
1,0,0,0,0,0,0,0,0,1,0,0,0,0,0,0,0,0
1,0,0,0,0,0,0,0,0,0,0,0,0,0,0,0,0,0
1,1,0,0,1,0,0,0,0,0,0,0,0,0,1,0,0,0
1,1,0,0,1,0,0,0,0,0,0,1,0,0,0,0,0,0
1,0,0,0,1,0,1,0,0,0,0,1,0,0,0,0,0,0
0,0,0,1,0,0,0,0,1,1,1,0,0,0,0,0,0,0
1,0,0,0,0,0,1,0,1,0,1,0,0,1,0,0,0,0
0,0,0,0,0,0,1,0,0,0,0,0,0,0,0,0,0,0
0,1,0,0,0,0,1,0,0,0,0,0,0,0,1,0,0,0
1,1,0,0,0,0,0,0,0,0,0,1,0,0,0,0,0,0
1,0,0,0,0,0,0,0,1,1,0,0,0,1,0,0,0,0
0,0,0,0,1,0,0,0,0,1,0,0,0,1,0,0,0,0
0,1,0,0,0,0,0,0,0,0,0,0,0,1,0,0,0,0
0,0,0,1,0,0,0,0,1,1,0,0,0,0,0,0,0,0
1,1,0,1,1,0,0,0,0,0,0,0,0,0,0,0,0,0
0,0,0,0,0,0,1,0,0,0,0,0,0,0,1,0,0,0
0,0,0,0,0,0,1,0,0,0,0,0,0,0,0,1,0,0
1,0,0,0,1,1,0,0,0,0,0,0,0,0,0,0,0,0
0,0,0,1,1,0,1,0,0,0,0,0,0,0,0,0,1,0
1,0,1,0,0,0,0,0,0,1,0,0,0,0,0,0,0,0
0,0,0,0,0,0,1,0,0,0,0,0,0,0,0,0,0,0
1,0,0,0,1,0,0,0,0,1,0,0,0,1,0,0,0,0
0,0,0,1,1,0,1,0,0,0,0,1,0,0,0,0,0,0
0,0,0,0,0,0,0,0,0,0,0,0,0,0,1,0,0,0
0,0,0,1,0,0,0,0,1,1,0,0,0,0,0,0,0,0
0,1,0,0,1,0,0,0,0,0,0,1,0,0,0,0,0,0
1,1,0,0,1,0,0,0,0,0,0,1,0,0,0,0,0,0
1,0,0,1,0,0,0,0,1,1,1,0,0,0,0,0,0,0
1,0,0,0,1,1,0,0,0,0,0,0,1,0,0,0,0,0
0,0,0,0,0,0,1,0,0,0,0,0,0,0,0,0,0,0
1,1,0,0,0,0,0,1,0,0,0,1,0,0,0,0,0,0
0,0,0,1,0,0,1,0,0,0,0,0,0,0,0,0,0,0
0,0,0,1,1,0,1,0,0,0,0,1,0,0,0,0,0,0
0,0,0,0,0,0,1,0,0,0,0,0,0,0,0,0,0,0
0,0,0,0,0,0,1,0,0,0,0,0,0,0,0,0,0,0
0,0,0,1,1,0,0,1,1,1,0,0,0,1,1,0,0,0
0,1,0,0,0,0,0,1,1,0,0,0,0,0,0,0,0,0
0,1,0,0,0,0,0,1,1,0,0,0,0,0,0,0,0,0
0,1,0,1,1,0,0,0,0,0,0,0,0,0,0,0,0,0
1,0,0,0,0,1,0,1,1,0,0,0,0,0,0,0,0,0
1,0,0,0,0,0,0,0,0,0,0,0,0,0,0,0,0,0
0,1,0,0,0,0,0,1,1,0,0,0,0,0,1,0,0,0
0,0,0,0,0,0,1,0,0,0,0,0,0,0,0,0,0,0
0,0,0,0,0,0,1,0,0,0,0,0,0,0,0,0,0,0
0,0,0,0,1,0,0,0,0,0,0,0,0,0,0,0,0,0
1,0,0,0,0,0,1,0,0,0,0,0,0,0,0,0,0,0
1,1,1,0,0,0,0,1,0,0,0,0,0,0,0,0,0,0
0,0,0,0,0,0,0,0,0,0,0,1,0,0,0,0,0,0
1,0,1,0,0,0,0,0,0,0,0,0,0,0,0,0,0,0
1,0,1,0,0,0,1,0,0,0,0,0,0,0,0,0,0,0
0,0,0,0,0,0,1,0,0,0,0,0,0,0,0,0,0,0
1,0,0,0,0,0,0,0,0,1,0,0,0,1,0,0,0,0
0,0,0,0,0,0,1,0,0,0,0,0,0,0,0,0,0,0
0,0,0,0,0,0,1,0,0,0,0,0,0,0,0,0,0,0
0,0,0,0,0,0,0,0,0,1,1,0,0,0,0,0,0,0
0,0,0,0,0,0,1,0,0,0,1,0,0,0,0,0,0,0
1,0,1,0,0,0,1,0,0,0,0,0,0,0,0,0,0,0
1,0,0,0,0,0,1,0,0,0,0,0,0,0,0,0,0,0
1,0,1,1,0,0,0,0,0,0,0,0,0,0,0,0,0,0
1,0,1,0,0,0,1,0,0,0,0,0,0,0,0,0,0,0
1,0,0,0,0,0,1,0,0,0,0,0,0,0,0,0,0,0
1,0,0,0,0,0,1,0,0,0,0,0,0,0,0,0,0,0
1,0,0,0,0,0,0,0,0,1,1,0,0,0,0,0,0,0
1,0,1,0,0,0,0,0,0,1,0,0,0,0,0,0,0,1
1,1,0,0,1,0,0,0,0,0,0,1,0,0,0,0,0,0
1,0,0,0,0,0,1,0,0,0,1,0,0,0,0,0,0,0
0,0,0,1,0,0,0,0,1,1,1,0,0,0,0,0,0,0
0,0,0,0,0,0,1,0,0,0,0,0,0,0,0,0,0,0
0,0,0,0,0,0,1,0,0,0,0,0,0,0,0,0,0,0
1,0,0,0,0,0,0,0,0,0,0,1,0,0,0,0,0,0
1,0,0,0,0,0,1,0,1,0,0,0,0,0,1,0,0,0
0,0,0,0,0,0,1,0,0,0,0,0,0,0,0,0,0,0
0,0,0,1,0,0,0,0,1,0,1,0,0,0,0,0,0,0
0,0,0,0,0,0,1,0,0,0,0,0,0,0,0,0,0,0
1,0,0,0,0,0,0,0,0,0,0,1,0,0,0,0,0,0
1,0,0,0,0,0,0,0,0,0,0,0,0,0,0,0,0,0
1,1,0,0,0,0,0,0,0,0,0,0,0,0,1,0,0,0
0,0,0,0,0,0,1,0,0,0,0,0,0,0,0,0,0,0
1,0,0,0,1,0,0,0,0,1,0,0,0,1,0,0,0,0
1,0,0,0,0,0,0,0,0,0,0,0,0,0,0,0,0,0
0,0,0,0,0,0,1,0,0,0,0,0,0,0,0,0,0,0
0,0,0,0,0,0,1,0,0,0,0,0,0,0,0,0,0,0
1,1,0,0,1,0,0,1,0,0,0,1,0,0,0,0,0,0
1,0,0,0,0,0,0,0,0,0,0,1,0,0,0,0,0,0
0,0,0,1,1,0,0,0,0,1,0,0,0,0,0,0,0,0
1,0,0,0,0,0,1,0,0,0,0,0,0,0,0,0,0,0
1,1,0,0,0,0,0,1,0,0,0,1,0,0,0,0,0,0
1,0,1,0,0,0,0,1,0,0,0,1,0,0,0,0,0,0
1,0,0,0,1,0,1,0,0,0,0,0,0,0,0,0,0,0
1,0,1,0,0,1,1,0,0,0,0,0,0,0,0,0,0,0
1,0,1,0,0,0,0,0,0,0,0,0,0,0,0,0,0,0
1,0,0,0,0,0,0,0,0,0,0,0,0,0,0,0,0,0
0,0,0,0,0,0,1,0,0,0,0,0,0,0,0,0,0,0
0,0,0,0,1,0,1,0,0,0,0,1,0,0,0,0,0,0
1,0,1,0,1,0,1,0,0,0,0,0,0,0,0,0,0,0
0,0,0,0,0,0,0,0,0,1,0,0,0,0,0,0,0,0
1,0,0,0,0,0,0,0,0,0,0,1,0,0,0,0,0,0
1,1,0,0,0,0,0,1,0,0,0,1,0,0,0,0,0,0
1,0,0,0,0,0,1,0,0,0,0,0,0,0,0,1,0,0
0,1,0,0,1,0,0,0,0,0,0,0,0,0,1,0,0,0
1,0,0,0,0,0,1,0,0,0,0,0,0,0,0,0,0,0
0,0,0,0,0,0,1,0,0,0,0,0,0,0,0,0,0,0
0,0,0,0,0,0,1,0,0,0,0,0,0,0,0,0,0,0
1,1,0,0,1,0,0,0,0,0,0,0,0,0,0,0,0,0
0,0,0,0,0,0,1,0,0,0,0,0,0,0,0,0,0,0
1,0,1,0,0,0,0,0,0,1,0,0,0,0,0,0,0,0
0,0,0,0,0,0,1,0,0,0,0,0,0,0,0,0,0,0
0,1,0,0,1,0,1,0,0,0,0,1,0,0,0,0,0,0
0,1,0,0,1,0,0,1,0,0,0,1,0,0,0,0,0,0
0,1,0,0,0,0,0,1,0,0,0,0,0,1,0,0,0,0
0,0,0,1,0,0,0,0,0,1,1,0,0,1,0,0,0,0
0,0,0,0,0,0,1,0,0,0,0,0,0,0,0,0,0,0
0,0,0,0,0,0,1,0,0,0,0,0,0,0,0,0,0,0
0,0,0,1,0,0,1,0,0,0,0,0,0,0,0,0,1,0
0,0,0,1,1,0,0,1,1,0,0,0,0,0,0,0,0,0
0,0,0,0,0,0,1,0,0,0,0,0,0,0,0,0,0,0
1,0,0,0,0,0,1,0,0,0,0,0,0,0,0,0,0,0
1,0,0,0,0,0,0,0,0,0,0,0,0,0,0,0,0,0
1,0,0,0,0,0,1,0,0,0,0,0,0,0,0,0,0,0
1,0,0,0,1,1,0,0,0,0,0,0,0,0,0,0,0,0
0,1,0,0,1,0,0,0,0,0,0,1,0,0,0,0,0,0
0,0,0,0,0,0,1,0,0,0,0,0,0,0,0,0,0,0
0,0,0,0,0,0,1,0,0,0,0,0,0,0,0,0,0,0
1,0,0,0,0,0,0,0,0,1,1,0,0,0,0,0,0,0
1,0,0,0,0,0,0,1,0,0,0,0,0,0,0,0,0,0
0,1,0,0,1,0,0,0,0,0,0,0,0,0,1,0,0,0
0,0,0,1,0,0,0,0,1,1,0,0,0,1,0,0,0,0
1,0,1,0,0,0,0,0,0,1,0,0,0,0,0,0,0,0
0,0,1,0,0,0,1,0,0,0,0,0,1,0,0,0,0,0
0,0,0,0,0,0,1,0,0,0,0,0,0,0,0,0,0,0
0,0,0,0,0,0,1,0,0,0,0,0,0,0,0,0,0,0
0,0,0,0,0,0,1,0,0,0,0,0,0,0,0,0,0,0
0,0,0,0,0,0,1,0,0,0,0,0,0,0,0,0,0,0
1,0,1,0,0,0,1,0,0,0,0,0,0,0,0,0,0,0
0,0,0,0,0,0,1,0,0,0,0,0,0,0,0,0,0,0
0,0,0,0,0,0,1,0,0,0,0,0,0,0,0,0,0,0
1,0,0,0,0,0,0,0,0,0,0,0,0,0,0,0,0,0
0,0,0,1,1,0,0,0,0,1,0,0,0,0,0,0,0,0
0,0,0,0,1,0,0,0,0,1,0,0,0,0,0,0,0,0
0,0,0,0,1,0,0,0,0,1,0,0,0,1,0,0,0,0
0,0,0,0,1,0,0,0,0,1,0,0,0,1,0,0,0,0
0,0,0,0,1,0,0,0,0,1,0,0,0,1,0,0,0,0
0,0,0,0,1,0,0,0,0,1,0,0,0,0,0,0,0,0
0,0,0,0,1,0,0,0,1,1,0,0,0,1,0,0,0,0
1,0,0,0,1,0,0,0,0,1,0,0,0,1,0,0,0,0
0,0,0,0,0,0,1,0,0,0,0,0,0,0,0,0,0,0
0,0,0,0,0,0,1,0,0,0,0,0,0,0,0,0,0,0
0,0,0,1,0,0,1,0,0,0,0,0,0,0,0,0,0,0
1,0,1,0,0,0,1,0,0,0,0,0,0,0,0,0,0,0
0,0,0,0,0,0,1,0,0,0,0,0,0,0,0,0,0,0
1,0,0,0,0,0,0,0,0,1,0,0,0,0,0,0,0,0
0,0,1,0,0,0,1,0,0,0,0,0,0,0,0,0,0,0
1,0,0,0,0,1,0,0,0,0,0,0,1,0,0,0,0,0
1,0,1,0,0,0,1,0,0,0,0,0,0,0,0,0,0,0
0,0,0,0,0,0,1,0,0,0,0,0,0,0,0,0,0,0
0,0,0,0,0,0,1,0,0,0,0,0,0,0,0,0,0,0
0,0,0,1,0,0,1,0,0,0,0,0,0,1,0,0,0,0
0,0,0,0,0,0,1,0,0,0,0,0,0,0,0,0,0,0
0,0,0,0,0,0,1,0,0,0,0,0,0,0,0,0,0,0
0,0,0,0,0,0,1,0,0,0,0,0,0,0,0,0,0,0
0,0,0,0,0,0,1,0,0,0,0,0,0,0,0,0,0,0
0,0,0,0,0,0,1,0,0,0,0,0,0,0,0,0,0,0
0,0,0,0,0,0,1,0,0,0,0,0,0,0,0,0,0,0
0,0,0,0,0,0,1,0,0,0,0,0,0,0,0,0,0,0
0,0,1,0,0,0,1,0,0,0,0,0,0,0,0,0,0,0
0,0,0,0,0,0,1,0,0,0,0,0,0,0,0,0,0,0
1,0,0,0,0,0,1,0,0,0,0,0,0,0,0,0,0,0
0,0,0,1,1,1,0,0,0,0,0,0,0,0,0,0,0,0
0,0,0,0,0,0,1,0,0,0,0,0,0,0,0,0,0,0
0,0,0,0,0,0,0,0,0,0,0,0,0,0,0,0,0,0
1,0,0,0,1,1,0,0,0,0,0,0,0,0,0,0,0,0
0,0,0,0,1,0,0,0,0,1,0,0,0,1,0,0,0,0
0,0,0,0,0,0,1,0,0,0,0,0,0,0,0,0,0,0
0,0,0,0,0,0,1,0,0,0,0,0,0,0,0,0,0,0
1,0,0,0,0,0,0,0,0,0,0,0,0,0,0,0,0,0
1,0,0,0,1,1,0,0,0,0,0,0,0,0,0,0,0,0
0,0,1,0,0,0,1,0,0,0,0,0,0,0,0,0,0,0
0,0,0,0,0,0,1,0,0,0,0,0,0,0,0,0,0,0
1,0,0,0,0,0,0,0,0,0,0,0,0,0,0,0,0,0
0,0,0,0,0,0,0,0,1,0,0,0,0,0,1,0,0,0
1,0,0,0,0,1,0,0,0,0,0,0,0,0,0,0,0,0
1,0,0,0,0,0,0,1,0,0,0,0,1,0,0,0,0,0
0,0,0,1,0,0,1,1,1,0,0,0,0,0,0,0,0,0
1,0,0,0,1,0,0,0,0,0,0,1,0,0,0,0,0,0
1,0,0,0,0,0,1,0,0,0,0,0,0,0,0,0,0,0
0,0,0,0,0,0,1,0,0,0,0,0,0,0,0,0,0,0
1,0,0,0,0,0,1,0,0,0,0,0,0,0,0,0,0,0
0,0,0,0,0,0,0,0,1,0,0,0,0,0,0,0,0,0
0,0,0,0,0,0,1,0,0,0,0,0,0,0,0,0,0,0
1,0,0,1,1,0,0,1,0,0,0,0,0,0,0,0,0,0
1,0,1,0,0,0,0,0,0,0,0,0,0,0,0,0,0,0
1,0,0,0,0,1,0,0,0,0,0,0,0,0,0,0,0,0
0,1,0,0,0,0,0,0,0,0,0,0,0,0,1,0,0,0
0,0,0,0,0,0,0,0,0,1,0,0,0,0,0,0,0,0
0,0,0,0,0,0,0,0,0,0,0,0,0,0,0,0,0,0
1,0,0,0,0,0,1,0,0,0,0,0,0,0,0,0,0,0
1,0,1,0,0,0,0,0,0,0,0,0,0,0,0,0,0,0
0,0,0,0,0,0,1,0,0,0,0,0,0,0,0,0,0,0
0,1,0,0,1,0,0,0,0,0,0,1,0,0,0,0,0,0
0,0,0,0,0,0,0,0,1,1,1,0,0,0,0,0,0,0
1,0,1,0,0,0,1,0,0,0,0,0,0,0,0,0,0,0
0,0,0,0,0,0,1,0,0,0,0,0,0,0,0,0,0,0
0,0,0,0,0,0,1,0,0,0,0,0,0,0,0,0,0,0
0,0,0,0,0,0,1,0,0,0,0,0,0,0,0,0,0,0
0,1,0,0,0,0,0,0,0,0,0,0,0,0,1,0,0,0
0,0,1,0,0,0,1,0,0,0,0,0,0,0,0,0,0,0
0,0,0,0,0,0,1,0,0,0,0,0,0,0,0,0,0,0
1,0,0,0,0,0,0,0,0,0,0,0,0,0,0,0,0,0
1,0,0,0,0,0,0,0,0,0,0,0,1,0,0,0,0,0
0,0,0,0,0,0,1,0,0,0,0,0,0,0,0,0,0,0
1,1,0,0,0,0,0,1,0,0,0,0,0,0,0,0,0,0
0,0,0,0,0,0,1,0,0,0,0,0,0,0,0,0,0,0
0,0,0,0,0,0,1,0,0,0,0,0,0,0,0,0,0,0
1,0,0,0,0,0,1,0,0,0,0,0,0,0,0,1,0,0
0,0,0,0,0,0,1,0,0,0,0,0,0,0,0,0,0,0
1,1,0,0,1,0,0,0,0,0,0,0,0,0,0,0,0,0
1,0,1,0,0,0,0,0,0,0,0,0,0,0,0,0,0,0
0,0,0,0,0,0,1,0,0,0,0,0,0,0,0,0,0,0
0,0,0,0,0,0,1,0,0,0,0,0,0,0,0,0,0,0
0,0,0,0,0,0,1,0,0,0,0,0,0,0,0,0,0,0
0,1,0,1,1,0,0,0,0,0,0,0,0,0,0,0,0,0
1,1,0,0,0,0,0,0,0,0,0,1,0,0,0,0,0,0
0,0,0,0,0,0,1,0,0,0,0,0,0,0,0,0,0,0
1,0,0,0,0,0,0,0,0,0,0,0,0,0,0,0,0,0
0,0,0,0,0,0,1,0,0,0,0,0,0,0,0,0,0,0
0,0,0,0,0,0,1,0,0,0,0,0,0,0,0,0,0,0
1,0,0,1,1,0,0,0,0,0,0,0,0,0,0,0,0,0
0,1,0,0,0,0,0,0,0,0,0,0,0,0,1,0,0,0
0,0,0,0,0,0,1,0,0,0,0,0,0,0,0,0,0,0
0,0,0,0,0,0,1,0,0,0,0,0,0,0,0,0,0,0
1,0,0,0,0,0,0,0,0,0,0,0,0,0,0,0,0,0
0,0,0,0,0,0,0,0,0,0,0,0,0,0,0,0,0,0
0,1,0,0,0,0,0,1,0,0,0,1,0,0,0,0,0,0
0,1,0,0,1,0,0,0,0,0,0,1,0,0,0,0,0,0
0,1,0,0,1,0,0,0,0,0,0,1,0,0,0,0,0,0
0,0,0,0,0,0,1,0,0,0,0,0,0,0,0,0,0,0
1,0,0,0,0,0,1,0,0,0,0,0,0,0,0,0,0,0
1,0,1,0,0,0,0,0,0,0,0,0,0,0,0,0,0,0
1,0,0,0,0,0,0,0,0,0,0,0,0,1,0,0,0,0
1,1,0,0,0,0,0,1,0,0,0,0,0,0,1,0,0,0
1,0,0,0,0,0,0,0,0,0,0,0,0,0,0,0,0,0
1,0,0,0,0,0,0,0,0,0,0,0,0,0,0,0,0,0
0,0,0,0,0,0,1,0,0,0,0,0,0,0,0,0,0,0
0,0,0,0,0,0,1,0,0,0,0,0,0,0,0,0,0,0
0,0,0,0,0,0,1,0,0,0,0,0,0,0,0,0,0,0
0,0,0,0,0,0,1,0,0,0,0,0,0,0,0,0,0,0
0,1,0,0,1,0,0,0,0,0,0,1,0,0,0,0,0,0
1,0,0,0,0,0,0,0,0,0,0,0,0,0,0,0,0,0
1,1,0,0,0,0,0,0,0,1,0,0,0,0,0,0,0,0
1,0,0,0,0,0,1,0,0,0,0,0,0,0,0,0,0,0
0,0,0,0,0,0,1,0,1,0,0,0,0,1,0,0,0,0
0,1,0,0,0,0,0,0,0,0,0,1,0,0,1,0,0,0
1,0,0,0,1,0,0,0,0,0,0,0,1,0,0,0,0,0
1,0,0,0,0,0,0,0,0,0,0,1,0,0,0,0,0,0
0,0,0,1,0,0,0,0,0,0,1,0,0,0,0,0,0,0
0,0,0,1,0,0,0,0,0,0,1,0,0,0,0,0,0,0
0,0,0,0,0,0,1,0,0,0,0,0,0,0,0,0,0,0
1,0,0,0,1,0,0,0,0,1,0,0,0,1,0,0,0,0
1,0,0,0,0,1,0,0,0,0,0,0,1,0,0,0,0,0
1,0,0,0,0,0,1,0,0,0,0,0,0,0,0,0,0,0
0,0,0,1,0,0,1,0,1,1,1,0,0,0,0,0,0,0
0,1,0,0,0,0,0,0,0,0,0,0,0,0,1,0,0,0
1,0,0,0,0,0,0,0,0,0,0,0,0,1,0,0,0,0
0,0,0,0,0,0,1,0,0,0,0,0,0,0,0,0,0,0
0,0,0,0,0,0,1,0,0,0,0,0,0,0,0,0,0,0
0,0,0,0,0,0,1,0,0,0,0,0,0,0,0,0,0,0
0,0,0,0,0,0,1,0,0,0,0,0,0,0,0,0,0,0
1,0,0,1,0,0,0,0,1,1,0,0,0,0,0,0,0,0
0,0,0,0,0,0,1,0,0,0,0,0,0,0,0,0,0,0
0,1,0,0,0,0,0,1,0,0,0,0,0,0,0,0,0,0
0,0,0,0,0,0,0,0,0,0,0,0,0,0,1,0,0,0
1,0,1,0,0,0,1,0,0,0,0,0,0,0,0,0,0,0
1,0,0,0,0,0,0,0,0,1,0,0,0,0,0,0,0,0
0,0,0,0,0,0,1,0,0,0,0,0,0,0,0,0,0,0
0,0,0,0,0,0,1,0,0,0,0,0,0,0,0,0,0,0
0,0,1,0,0,0,1,0,0,0,0,0,0,0,0,0,0,0
1,0,0,0,1,0,0,0,0,0,0,1,0,0,0,0,0,0
0,0,0,0,0,0,1,0,0,0,0,0,0,0,0,0,0,0
1,0,1,0,0,0,0,0,0,0,0,0,0,0,0,0,0,0
1,0,1,0,0,0,0,0,0,0,0,0,0,0,0,0,0,0
0,0,0,0,0,0,1,0,0,0,0,0,0,0,0,0,0,0
1,0,0,0,0,0,0,0,0,0,0,0,0,0,0,0,0,0
1,0,1,0,0,1,0,0,0,0,0,0,0,0,0,0,0,0
0,0,0,0,0,0,1,0,0,0,0,0,0,0,0,0,0,0
0,0,0,0,0,0,1,0,0,0,0,0,0,0,0,0,0,0
0,0,1,0,0,0,0,0,1,1,0,0,0,0,0,0,0,0
0,1,0,0,1,0,0,0,0,0,0,1,0,0,0,0,0,0
0,0,0,0,0,0,1,0,0,0,0,0,0,0,0,0,0,0
1,0,0,0,0,0,0,0,0,0,0,0,0,0,0,0,0,0
1,0,1,0,0,0,0,0,0,0,0,0,0,0,0,0,0,0
0,0,0,1,1,0,0,0,0,0,0,0,0,0,0,0,0,0
1,0,0,0,0,1,0,0,0,0,0,0,0,0,0,0,0,0
0,0,0,1,0,0,1,0,0,0,1,0,0,0,0,0,0,0
1,0,0,0,0,0,1,0,1,1,1,0,0,0,0,0,0,0
0,0,0,1,0,0,1,0,0,0,1,0,0,0,0,0,0,0
0,0,0,0,0,0,1,0,0,0,0,0,0,0,0,0,0,0
1,0,0,0,0,0,0,0,1,0,0,0,0,0,0,0,0,0
1,0,0,0,0,0,0,0,0,0,0,0,0,0,0,0,0,0
1,0,1,0,0,0,0,0,0,0,0,0,0,0,0,0,0,0
1,0,1,0,0,0,0,0,0,0,0,0,0,0,0,0,0,0
1,0,0,0,0,0,1,0,0,0,0,0,0,0,0,0,0,0
1,0,0,0,0,1,0,0,0,0,0,0,0,0,0,0,0,0
1,0,0,0,1,0,0,0,0,0,0,0,0,1,0,0,0,0
1,0,0,0,0,0,0,0,1,1,1,0,0,0,0,0,0,0
0,1,0,0,0,0,0,1,0,0,0,0,0,0,0,0,0,0
1,0,0,0,0,0,1,0,0,0,0,0,0,0,0,0,0,0
0,0,0,1,1,0,0,0,1,1,0,0,0,0,0,0,0,0
1,0,1,0,0,0,0,0,0,0,0,0,0,0,0,0,0,0
0,0,0,0,0,0,1,0,0,1,0,0,0,0,0,1,0,0
1,0,1,0,0,0,0,0,0,0,0,0,1,0,0,0,0,0
0,0,0,1,0,0,1,0,0,1,1,0,0,0,0,0,0,0
1,1,0,0,0,0,1,1,0,0,0,0,0,0,0,0,0,0
0,0,1,0,0,0,1,0,0,0,0,0,0,0,0,0,0,0
0,1,0,0,0,0,0,0,0,0,0,0,0,0,1,0,0,0
0,0,0,0,0,0,1,0,0,0,0,0,0,0,0,0,0,0
1,0,0,0,0,0,1,0,0,1,1,0,0,0,0,0,0,0
0,0,0,0,1,0,0,0,0,1,0,0,0,0,0,0,0,0
1,0,0,0,1,1,0,0,0,0,0,0,0,0,0,0,0,0
1,0,0,0,0,0,0,0,0,0,0,0,0,0,0,0,0,0
1,0,1,0,0,0,1,0,0,0,0,0,0,0,0,0,0,0
0,0,1,0,0,0,1,0,0,0,0,0,0,0,0,0,0,0
0,0,1,0,0,0,1,0,0,0,0,0,0,0,0,0,0,0
1,0,0,0,0,0,0,0,0,0,0,0,0,0,0,0,0,0
0,0,0,1,0,0,0,0,0,1,1,0,0,0,0,0,0,0
0,0,0,0,0,0,1,0,0,0,0,0,0,0,0,0,0,0
0,0,0,0,0,0,1,0,0,0,0,0,0,0,0,0,0,0
1,0,0,1,0,0,1,0,0,0,0,0,0,0,0,0,0,0
0,0,0,0,1,0,1,0,0,0,0,1,0,0,0,0,0,0
0,0,0,0,0,0,1,0,0,0,0,0,0,0,0,0,0,0
0,0,0,0,0,0,0,0,0,1,0,0,0,0,0,0,0,0
1,0,0,0,0,0,0,0,1,1,0,0,0,0,0,0,0,0
1,0,1,0,0,0,0,0,0,0,0,0,0,0,0,0,0,0
1,0,0,0,0,0,0,1,0,0,0,0,0,0,0,0,0,0
0,0,1,1,0,0,0,0,0,1,0,0,0,0,0,0,0,0
0,0,0,0,0,0,1,0,0,0,0,0,0,0,0,0,0,0
1,0,0,0,0,0,0,0,1,0,0,0,0,0,0,0,0,0
0,0,0,0,0,0,1,0,0,0,0,1,0,0,0,0,0,0
0,0,0,0,0,0,1,0,0,0,0,0,0,0,0,0,0,0
0,1,0,0,0,0,0,0,0,0,0,0,0,0,0,0,0,0
1,0,0,0,0,0,0,0,0,0,0,1,0,0,0,0,0,0
1,0,1,0,0,0,0,0,0,0,0,0,0,0,0,0,0,0
0,0,1,0,0,0,1,0,0,0,0,0,0,0,0,0,0,0
0,0,0,0,0,0,1,0,0,0,1,0,0,0,0,0,0,0
0,0,0,0,0,0,1,0,0,0,0,0,0,0,0,0,0,0
0,0,0,0,0,0,1,0,0,0,0,0,0,0,0,0,0,0
0,0,0,1,0,0,1,0,0,1,1,0,0,0,0,0,0,0
1,0,0,0,0,0,0,0,0,0,0,0,0,0,0,0,0,0
0,0,0,0,0,0,1,0,0,0,0,0,0,0,0,0,0,0
0,0,0,0,0,0,1,0,0,0,0,0,0,0,0,0,0,0
1,0,0,1,0,0,0,0,1,0,1,0,0,1,0,0,0,0
0,0,0,1,1,0,0,0,0,1,0,0,0,0,0,0,0,0
1,0,0,0,0,0,0,0,0,0,0,0,0,0,0,0,0,0
0,0,0,0,0,0,1,0,0,0,0,0,0,0,0,0,0,0
1,0,0,0,0,0,0,0,0,0,0,0,0,0,0,0,0,0
0,0,0,0,0,0,1,0,0,0,0,0,0,0,0,0,0,0
0,0,0,0,0,0,1,0,0,0,0,0,0,0,1,0,0,0
0,1,0,0,1,0,0,0,0,0,0,1,0,0,0,0,0,0
1,0,0,0,1,0,0,0,0,0,0,0,0,0,0,0,0,0
0,0,0,0,0,0,1,0,0,0,0,0,0,0,0,0,0,0
1,0,0,0,0,0,1,0,0,0,0,0,0,0,0,0,0,0
0,0,0,0,0,0,1,0,0,0,0,0,0,0,0,0,0,0
1,0,0,0,0,0,0,0,0,0,0,0,0,0,0,0,0,0
1,1,0,0,0,0,0,1,0,0,0,0,0,0,0,0,0,0
0,1,0,0,0,0,0,0,0,0,0,0,0,0,1,0,0,0
0,0,0,0,0,0,1,0,0,0,0,0,0,0,0,0,0,0
1,1,0,0,0,0,0,0,0,0,0,0,0,0,0,0,0,0
0,0,0,0,0,0,1,0,0,0,0,0,0,0,0,0,0,0
1,0,1,0,0,0,0,0,0,0,0,0,0,0,0,0,0,0
0,0,0,0,0,0,0,0,0,1,0,0,0,1,0,0,0,0
0,1,0,0,0,0,0,1,0,0,0,1,0,0,0,0,0,0
1,0,0,0,0,0,0,0,0,0,0,0,0,0,0,0,0,0
0,0,1,0,0,0,0,0,1,0,0,0,0,0,0,0,0,0
0,1,0,0,1,0,0,0,0,0,0,1,0,0,0,0,0,0
1,0,1,0,0,0,0,0,0,1,0,0,0,0,0,0,0,0
0,0,1,0,0,0,1,0,0,0,0,0,0,0,0,0,0,0
1,0,0,0,1,0,0,0,0,0,0,0,0,0,0,0,0,0
0,0,0,0,0,0,1,0,0,0,0,0,0,0,0,0,0,0
0,0,0,0,0,0,1,0,0,0,0,0,0,0,0,0,0,0
0,0,0,0,0,0,1,0,0,0,0,0,0,0,0,0,0,0
1,0,1,1,0,0,0,0,1,1,0,0,0,0,0,0,0,0
0,0,0,1,0,0,0,0,0,0,0,0,0,0,0,0,0,0
1,0,1,0,0,0,1,0,0,0,0,0,0,0,0,0,0,0
1,1,0,1,0,0,0,0,0,0,0,1,0,0,0,0,0,0
1,0,0,0,0,0,0,0,0,0,0,0,0,0,0,0,0,0
1,0,0,0,0,0,1,0,0,0,0,0,0,0,0,0,0,0
1,0,0,1,0,0,0,0,1,1,0,0,0,1,0,0,0,0
0,0,0,0,0,0,1,0,0,0,0,0,0,0,0,0,0,0
1,0,0,1,1,0,0,0,0,0,0,0,0,0,0,0,0,0
1,0,0,0,0,0,0,0,0,0,0,0,0,0,0,0,0,0
0,0,0,0,0,0,1,0,0,0,0,0,0,0,0,0,0,0
0,0,0,0,0,0,1,0,0,0,0,0,0,0,0,0,0,0
0,0,0,0,0,0,1,0,0,0,0,0,0,0,0,0,0,0
0,0,0,0,0,0,1,0,0,0,0,0,0,0,0,0,0,0
0,1,0,0,0,0,0,0,0,0,0,0,0,0,0,0,0,0
0,0,1,0,0,0,1,0,0,0,0,0,0,0,0,0,0,0
1,0,1,0,0,0,0,0,0,0,0,0,0,0,0,0,0,0
1,0,0,0,0,0,0,0,0,0,0,0,1,0,0,0,0,0
0,0,0,0,0,0,1,0,0,0,0,0,0,0,0,0,0,0
1,0,1,0,0,0,1,0,0,0,0,1,0,0,0,0,0,0
0,0,0,0,1,0,1,0,0,0,0,0,0,0,1,0,0,0
1,0,0,0,0,0,0,0,0,1,0,0,0,0,0,0,0,0
0,0,0,0,0,0,1,0,0,0,0,0,0,0,0,0,0,0
1,0,0,0,0,0,0,0,0,0,0,0,0,0,0,0,0,0
1,0,0,0,0,0,0,0,0,0,0,0,0,0,0,0,0,0
0,0,0,0,0,0,1,0,0,0,0,0,0,0,0,0,0,0
1,0,0,0,0,0,0,0,0,0,0,0,0,0,0,0,0,0
0,0,0,0,0,0,1,0,0,0,0,0,0,0,0,0,0,0
0,0,0,0,0,0,1,0,0,0,0,0,0,0,0,0,0,0
0,0,0,0,0,0,1,0,0,0,0,0,0,0,0,0,0,0
0,0,0,0,0,0,1,0,0,0,0,0,0,0,0,0,0,0
0,0,0,0,0,0,1,0,0,0,0,0,0,0,0,0,0,0
1,0,0,0,0,0,0,0,0,0,0,0,0,0,0,0,0,0
0,0,0,0,0,0,1,0,0,0,0,0,0,0,0,0,0,0
0,0,0,0,0,0,1,0,0,0,0,0,0,0,0,0,0,0
0,0,0,0,0,0,1,0,0,0,0,0,0,0,0,0,0,0
0,0,0,0,0,0,1,0,0,0,0,0,0,0,0,0,0,0
0,1,0,0,1,0,1,0,0,0,0,1,0,0,0,0,0,0
1,0,0,0,1,1,0,0,0,0,0,0,0,0,0,0,0,0
1,0,0,0,0,0,1,0,0,0,0,0,0,0,0,0,0,0
1,1,0,0,0,0,0,1,0,0,0,1,0,0,0,0,0,0
1,0,0,0,0,0,0,0,0,0,0,0,0,0,0,0,0,0
0,0,0,0,0,0,1,0,0,0,0,0,0,0,0,0,0,0
1,0,0,0,1,0,0,0,0,0,0,0,0,0,0,0,0,0
1,0,1,0,0,0,1,0,1,0,0,0,0,0,0,0,0,0
0,0,0,0,0,0,1,0,0,0,0,0,0,0,0,0,0,0
0,0,0,0,0,0,1,0,0,0,0,0,0,0,0,0,0,0
1,0,0,0,0,0,0,0,0,0,0,0,0,0,0,0,0,0
1,0,0,0,0,0,0,0,0,0,0,0,0,0,0,0,0,0
1,0,0,0,0,0,0,0,0,0,0,0,0,0,0,0,0,0
1,1,0,0,0,0,1,0,0,0,0,0,0,0,0,0,0,0
1,0,0,0,0,0,0,0,0,0,0,0,0,0,0,0,0,0
1,0,0,0,0,0,0,0,0,0,0,0,0,0,0,0,0,0
1,0,0,0,0,0,0,0,0,0,0,0,0,0,0,0,1,0
1,0,0,0,0,0,1,0,0,0,0,0,0,0,0,0,0,0
1,0,0,0,0,0,1,0,0,0,0,0,0,0,0,0,0,0
0,0,0,0,1,0,0,0,0,1,0,0,0,1,0,0,0,0
0,0,1,0,0,0,1,0,0,0,0,0,0,0,0,0,0,0
1,0,0,0,0,0,0,0,0,0,0,0,0,0,0,0,0,0
0,0,0,1,0,0,0,0,1,1,0,0,0,0,0,0,0,0
1,0,0,0,0,0,0,0,0,0,0,0,0,0,0,0,0,0
0,0,0,0,0,0,1,0,0,0,0,0,0,0,0,0,0,0
1,0,1,1,0,0,0,0,0,0,0,0,0,0,0,0,0,0
0,0,0,0,0,0,1,0,0,0,1,0,0,0,0,0,0,0
0,0,0,0,0,0,1,0,0,0,0,0,0,0,0,0,0,0
0,0,1,0,0,0,0,0,1,0,0,0,0,1,0,0,0,0
0,0,0,1,0,0,1,0,0,1,0,0,0,0,0,0,0,0
1,0,0,0,0,1,0,0,0,0,0,0,0,0,0,0,0,0
1,1,0,0,0,0,0,0,0,0,0,0,0,0,1,0,0,0
0,1,0,0,0,0,0,0,0,0,0,0,0,0,0,0,0,0
1,0,0,0,0,1,0,0,0,0,0,0,0,0,0,0,0,0
0,0,0,0,1,0,0,0,1,1,0,0,0,0,0,0,0,0
0,0,1,0,0,0,1,0,0,0,0,0,0,0,0,0,0,0
1,1,1,0,0,0,0,0,0,0,0,0,0,0,0,0,0,0
0,1,0,0,1,0,0,0,0,0,0,1,0,0,0,0,0,0
0,1,0,0,0,0,0,1,0,0,0,0,0,0,1,0,0,0
1,0,0,0,1,0,0,0,1,0,0,0,0,1,1,0,0,0
0,0,1,0,0,0,1,0,0,0,0,0,0,0,0,0,0,0
1,0,0,0,0,0,1,0,0,0,0,0,0,0,0,0,0,0
0,0,0,0,0,0,1,0,0,0,0,0,0,0,0,0,0,0
0,0,0,0,0,0,1,0,0,0,0,0,0,0,0,0,0,0
0,0,0,0,0,0,1,0,0,0,0,0,0,0,0,0,0,0
1,0,0,1,1,0,0,0,0,0,0,0,0,0,0,0,0,0
0,0,0,0,0,0,1,0,0,0,0,0,0,0,0,0,0,0
1,0,0,0,0,0,0,0,0,0,0,0,0,0,0,0,0,0
0,0,0,1,0,0,1,0,1,0,0,0,0,1,0,0,0,0
0,0,0,1,1,0,0,0,1,1,0,0,0,0,0,0,0,0
0,0,0,0,0,0,1,0,0,0,0,0,0,0,0,1,0,0
0,0,0,0,0,0,1,0,0,0,0,0,0,0,0,0,0,0
1,0,0,1,0,0,0,0,0,0,0,0,0,0,0,0,0,0
0,0,0,0,0,0,1,0,0,0,0,0,0,0,0,0,0,0
1,0,0,0,0,0,0,0,0,0,0,0,0,0,0,0,0,0
1,0,0,0,0,0,1,0,0,0,0,0,0,0,0,0,0,0
1,0,0,0,0,0,0,0,0,0,0,1,0,0,0,0,0,0
0,0,1,0,0,0,0,0,1,0,0,0,0,0,1,0,0,0
0,0,0,0,1,0,0,0,0,0,0,0,0,1,1,0,0,0
0,0,0,0,0,0,1,0,0,0,0,0,0,0,0,0,0,0
0,0,0,0,0,0,0,0,1,1,0,0,0,0,0,0,0,0
1,0,0,0,0,0,1,0,0,0,0,0,0,0,0,0,0,0
1,0,0,0,0,0,0,0,0,0,0,0,0,0,0,0,0,0
0,0,1,0,1,0,0,0,0,1,0,0,0,0,0,0,0,0
0,0,0,0,0,0,1,0,0,0,0,0,0,0,0,0,0,0
0,0,0,0,0,0,1,0,0,0,0,0,0,0,0,0,0,0
1,0,0,0,0,0,0,0,0,0,0,0,0,0,0,0,0,0
1,0,0,0,0,0,1,0,0,0,0,0,0,0,0,0,0,0
1,1,0,0,0,0,0,0,0,0,0,1,0,0,0,0,0,0
0,0,0,0,0,0,1,0,0,0,0,0,0,0,0,0,0,0
0,0,0,0,0,0,1,0,0,0,0,0,0,0,0,0,0,0
1,1,0,0,0,0,0,0,0,0,0,0,0,0,0,0,0,0
0,0,0,0,0,0,1,0,0,0,0,0,0,0,0,0,0,0
0,0,0,1,0,0,1,0,1,1,1,0,0,0,0,0,0,0
0,0,0,0,0,0,1,0,0,0,0,0,0,0,0,0,0,0
0,0,0,0,0,0,1,0,0,0,0,0,0,0,0,0,0,0
0,0,0,0,0,0,1,0,0,0,0,0,0,0,0,0,0,0
0,0,0,0,0,0,1,0,0,0,0,0,0,0,0,0,0,0
0,0,0,0,0,0,1,0,0,0,0,0,0,0,0,0,0,0
1,0,1,0,0,0,0,0,0,0,0,0,0,0,0,0,0,0
1,0,0,0,0,0,0,0,0,0,0,0,0,0,0,0,0,0
1,0,0,0,0,0,1,0,1,0,0,0,0,0,0,0,0,0
0,0,0,0,0,0,1,0,0,0,0,0,0,0,0,0,0,0
1,0,0,1,0,0,0,0,0,0,0,0,0,0,0,0,0,0
1,0,1,0,0,0,0,0,0,0,0,0,0,0,0,0,0,0
0,0,0,1,0,0,0,0,0,0,1,0,0,0,0,0,0,0
1,0,1,0,0,0,1,0,0,0,0,0,0,0,0,0,0,0
0,0,0,0,0,0,1,0,0,0,0,0,0,0,0,0,0,0
1,0,0,0,0,1,0,0,0,0,0,0,1,0,0,0,0,0
1,1,0,0,0,0,0,0,0,0,0,0,1,0,0,0,0,0
1,0,0,0,0,0,0,0,0,0,0,0,0,0,0,0,0,0
1,0,0,1,0,0,0,0,0,0,0,0,0,0,0,0,0,0
1,1,0,0,1,0,0,0,0,0,0,0,0,0,0,0,0,0
1,0,1,1,0,0,0,0,1,0,0,0,0,1,0,0,0,0
1,1,0,0,0,0,0,0,0,0,0,0,0,0,0,0,0,0
1,0,0,0,0,0,0,0,1,1,1,0,0,0,0,0,0,0
1,0,0,0,0,0,0,0,0,0,0,0,0,0,0,0,0,0
0,0,0,0,0,0,1,0,0,0,0,0,0,0,0,0,0,0
1,0,0,0,0,0,1,0,0,0,0,0,0,0,0,0,0,0
0,0,1,0,0,0,1,0,0,0,0,0,0,0,0,0,0,0
1,0,1,0,0,0,1,0,0,0,0,0,0,0,0,0,0,0
0,0,0,0,0,0,1,0,0,0,0,0,0,0,0,0,0,0
0,0,0,0,0,0,1,0,0,0,0,0,0,0,0,0,0,0
0,0,0,0,1,0,1,0,0,1,0,0,0,0,0,0,0,0
1,0,0,0,1,0,0,0,0,0,0,0,0,0,0,0,0,0
0,0,1,0,0,0,1,0,0,0,0,0,0,0,0,0,0,0
1,1,0,0,0,0,0,1,0,0,0,1,0,0,0,0,0,0
1,0,0,0,0,0,1,0,0,0,0,0,0,0,0,0,0,0
1,0,0,0,0,0,0,0,0,0,0,0,0,0,0,0,0,0
1,0,0,0,1,0,1,0,0,0,0,0,0,0,0,0,0,0
1,0,0,0,1,0,0,0,0,0,0,0,0,0,0,0,0,0
1,1,0,0,0,0,0,0,0,0,0,0,0,0,0,0,0,0
0,1,0,0,0,0,0,0,0,0,0,1,0,0,0,0,0,0
1,1,0,0,0,1,0,0,0,0,0,1,0,0,0,0,0,0
0,0,0,0,1,0,0,0,1,0,0,0,0,1,0,0,0,0
1,1,0,0,0,0,0,0,0,0,0,1,0,0,0,0,0,0
1,0,0,0,0,0,0,0,0,0,0,1,0,0,0,0,0,0
1,0,0,0,0,0,1,0,0,0,0,0,0,0,0,1,0,0
1,0,0,0,0,0,1,0,0,0,0,0,0,0,0,0,0,0
1,0,0,0,1,0,0,0,0,0,0,0,0,0,0,0,0,0
0,0,1,0,0,0,1,0,0,0,0,0,0,0,0,0,0,0
1,0,0,0,0,0,1,0,0,0,0,0,0,0,0,0,0,0
1,1,0,0,1,0,1,0,0,0,0,0,0,1,0,0,0,0
0,0,0,1,0,0,0,0,0,0,1,0,0,0,0,0,0,0
1,0,0,0,1,1,0,0,0,0,0,0,0,0,0,0,0,0
1,0,1,0,0,0,1,0,0,0,0,0,0,0,0,0,0,0
0,0,0,0,0,0,1,0,0,0,0,0,0,0,0,0,0,0
0,0,0,0,0,0,1,0,0,0,0,0,0,0,0,0,0,0
0,0,0,0,0,0,1,0,0,0,0,0,0,0,0,0,0,0
1,0,0,0,0,0,1,0,0,0,0,0,0,0,0,0,0,0
0,0,0,0,0,0,1,0,0,0,0,0,0,0,0,0,0,0
0,0,0,0,0,0,1,0,0,0,0,0,0,0,0,0,0,0
0,0,1,0,0,0,1,0,0,0,0,0,0,0,0,0,0,0
0,0,0,0,0,0,1,0,0,0,0,0,0,0,0,0,0,0
1,0,1,0,0,0,0,0,0,1,0,0,0,0,0,0,0,0
0,0,0,0,0,0,1,0,0,0,0,0,0,0,0,0,0,0
0,0,0,0,0,0,1,0,0,0,0,0,0,0,0,0,0,0
1,0,0,0,0,0,1,0,0,0,0,0,0,0,0,0,0,0
1,1,0,0,0,0,0,0,0,0,0,0,1,0,1,0,0,0
1,1,0,0,0,0,0,0,0,0,0,0,0,0,0,0,0,0
1,0,0,0,0,0,0,0,0,0,0,0,0,0,0,0,0,0
0,0,0,0,0,0,1,0,0,0,0,0,0,0,0,0,0,0
0,0,0,0,0,0,1,0,0,0,0,0,0,0,0,0,0,0
0,0,0,0,0,0,1,0,0,0,0,0,0,0,0,0,0,0
1,0,0,0,0,0,0,0,0,0,0,0,0,0,0,0,0,0
1,0,1,0,0,1,0,0,0,0,0,0,0,0,0,0,0,0
1,0,0,0,0,0,0,0,0,0,0,0,0,0,0,0,0,0
1,0,1,0,0,0,1,0,0,0,0,0,0,0,0,0,0,0
1,0,0,0,0,0,1,0,0,0,0,0,0,0,0,0,0,0
1,0,1,0,0,0,0,0,0,1,0,0,0,0,0,0,0,0
1,0,1,0,0,1,0,0,0,1,0,0,1,0,0,0,0,0
1,0,0,0,0,0,1,0,0,0,0,0,0,0,0,0,0,0
1,0,0,0,0,0,1,0,0,0,0,0,0,0,0,0,0,0
0,0,0,0,0,0,1,0,0,0,0,0,0,0,0,0,0,0
0,0,0,0,0,0,1,0,0,0,0,0,0,0,0,0,0,0
1,0,0,0,0,0,1,0,0,0,0,0,0,0,0,0,0,0
1,0,0,0,0,0,1,0,0,0,0,0,0,0,0,0,0,0
0,0,0,0,0,0,1,0,0,0,0,0,0,0,0,0,0,0
0,0,0,0,1,0,1,0,0,0,0,0,0,0,0,0,0,0
0,0,0,0,0,0,1,0,0,0,1,0,0,0,0,0,0,0
0,0,0,0,0,0,1,0,0,0,0,0,0,0,0,0,0,0
0,0,0,0,0,0,1,0,0,0,0,0,0,0,0,0,0,0
1,1,0,0,1,0,0,0,0,0,0,0,0,0,0,0,0,0
0,0,1,0,0,0,1,0,0,0,0,0,0,0,0,0,0,0
0,0,0,0,1,0,0,0,0,1,0,0,0,1,0,0,0,0
0,0,0,0,0,0,1,0,0,0,0,0,1,0,0,0,0,0
0,1,0,0,0,0,0,0,0,0,0,0,0,0,0,0,0,0
1,0,0,0,0,0,0,1,0,0,0,0,0,0,1,0,0,0
1,0,0,0,0,0,0,0,0,1,1,0,0,0,0,0,0,0
1,0,0,0,0,0,0,0,0,0,0,0,0,0,0,0,0,0
1,0,0,0,0,0,1,0,0,0,0,0,0,0,0,0,0,0
0,1,0,0,1,0,0,0,0,0,0,1,0,0,0,0,0,0
0,0,0,0,1,0,0,0,0,1,0,0,0,1,0,0,0,0
0,1,0,0,1,0,0,0,0,0,0,0,0,0,1,0,0,0
1,0,0,0,0,1,0,0,0,0,0,0,0,0,0,0,0,0
0,0,0,0,0,0,1,0,0,0,0,0,0,0,0,0,0,0
1,0,0,0,0,0,0,0,0,0,0,0,0,0,0,0,0,0
0,0,0,0,0,0,1,0,0,0,0,0,0,0,0,0,0,0
1,1,0,0,0,1,0,0,0,0,0,0,0,0,0,0,0,0
0,0,0,1,1,0,0,1,0,1,0,0,0,1,1,0,0,0
1,0,1,1,0,0,0,0,0,0,0,0,0,1,0,0,0,0
1,0,0,0,0,0,0,0,0,0,0,0,0,0,0,0,0,0
1,1,0,0,0,0,0,1,0,0,0,0,0,0,0,0,0,0
1,0,1,0,0,0,1,0,0,0,0,0,1,0,0,0,0,0
0,1,0,0,1,0,0,0,0,0,0,0,0,0,0,0,0,0
0,0,0,0,1,0,1,0,0,0,0,1,0,0,0,0,0,0
0,0,0,0,0,0,1,0,0,0,0,0,0,0,0,0,0,0
0,1,0,0,0,0,0,1,0,0,0,1,0,0,0,0,0,0
0,0,0,0,1,0,1,0,0,0,0,0,0,0,0,0,0,0
0,1,0,0,0,0,0,0,0,0,0,0,0,0,0,0,0,0
0,0,0,0,0,0,0,0,1,0,1,0,0,0,0,0,0,0
0,0,1,1,1,0,0,0,1,1,0,0,0,1,0,0,0,0
1,0,1,0,0,0,0,0,0,0,0,0,0,0,0,0,0,0
1,1,0,0,0,0,0,1,0,0,0,0,0,0,0,0,0,0
0,1,0,0,1,0,0,0,0,0,0,0,0,0,0,0,0,0
1,0,0,0,0,0,0,0,0,0,0,0,0,0,0,0,0,0
0,0,0,0,0,0,1,0,0,0,0,0,0,0,0,0,0,0
0,0,1,0,0,0,1,0,0,0,0,0,0,0,0,0,0,0
0,0,0,0,0,0,1,0,0,0,0,0,0,0,0,0,0,0
0,0,0,1,1,0,0,0,1,0,0,0,0,0,0,0,0,0
0,1,0,0,0,0,1,0,0,0,0,0,0,0,1,0,0,0
0,0,0,0,0,0,0,0,1,0,0,0,0,1,0,0,0,0
0,0,1,1,0,0,1,0,0,0,0,0,0,0,0,0,0,0
1,0,0,0,0,0,0,0,0,0,0,1,0,0,0,0,0,0
0,0,0,0,0,0,1,0,0,0,0,0,0,0,0,0,0,0
1,0,0,0,0,0,0,0,0,0,0,1,0,0,0,0,0,0
0,0,0,0,0,0,1,0,0,0,0,0,0,0,0,0,0,0
1,0,0,0,1,0,0,0,0,0,0,0,0,0,0,0,0,0
0,0,0,0,1,0,0,0,1,0,0,0,0,1,0,0,0,0
0,0,1,0,0,0,1,0,0,0,0,0,0,0,0,0,0,0
1,0,0,0,0,0,0,0,0,0,0,0,0,0,0,0,0,0
0,0,0,0,0,0,1,0,0,0,0,0,0,0,0,0,0,0
0,1,0,0,0,0,0,0,0,0,0,1,0,0,0,0,0,0
0,0,0,0,0,0,1,0,0,0,0,0,0,0,0,0,0,0
1,1,0,0,0,0,0,0,0,0,0,0,0,0,0,0,0,0
1,0,0,0,0,0,0,0,0,0,0,0,0,0,0,0,0,0
1,0,0,0,0,0,0,0,0,0,0,0,0,0,0,0,0,0
1,0,0,0,0,0,1,0,0,0,0,0,0,0,0,0,0,0
0,1,0,0,0,0,0,0,0,0,0,0,0,0,1,0,0,0
0,0,0,0,0,0,1,0,0,0,0,0,0,0,0,0,0,0
1,0,0,0,0,0,1,0,0,0,0,1,1,0,0,0,0,0
0,0,0,1,0,0,0,0,1,1,0,0,0,0,0,0,0,0
0,0,0,0,0,0,1,0,0,0,0,0,0,0,0,0,0,0
1,0,1,0,0,0,1,0,0,0,0,0,0,0,0,0,0,0
0,0,0,0,0,0,1,0,0,0,0,0,0,0,0,0,0,0
1,0,0,0,0,0,1,0,0,0,0,0,0,0,0,0,0,0
0,0,0,0,0,0,1,0,0,0,0,0,0,0,0,0,0,0
1,0,1,0,0,0,0,0,0,0,0,0,0,0,0,0,0,0
0,0,0,0,0,0,1,0,0,0,0,0,0,0,0,0,0,0
0,0,0,1,1,0,1,0,1,1,0,0,0,0,0,0,0,0
0,0,0,0,1,0,1,0,0,0,0,0,0,0,0,0,0,0
1,0,0,0,0,0,1,0,0,0,0,0,0,0,0,0,0,0
1,0,0,0,0,0,1,0,0,0,0,0,0,0,0,0,0,0
1,0,0,0,0,0,0,0,0,0,0,0,1,0,0,0,0,0
1,0,0,0,0,0,1,0,0,0,0,0,0,0,0,0,0,0
0,0,0,0,0,0,1,0,0,0,0,0,0,0,0,0,0,0
1,0,1,0,0,0,0,0,0,0,0,0,0,0,0,0,0,0
1,0,0,1,0,0,1,0,1,1,1,0,0,0,0,0,0,0
0,0,0,0,0,0,1,0,0,0,0,0,0,0,0,0,0,0
1,0,0,0,1,1,0,0,0,0,0,0,0,0,0,0,0,0
1,0,0,0,1,0,0,0,0,0,0,0,0,0,0,0,0,0
0,0,1,0,0,0,1,0,0,0,0,0,0,0,0,0,0,0
0,0,0,0,0,0,1,0,0,0,0,0,0,0,0,0,0,0
0,0,0,0,0,0,1,0,0,0,0,0,0,0,1,0,0,0
0,0,1,0,0,0,1,0,0,0,0,0,0,0,0,0,0,0
0,0,0,0,0,0,1,0,0,0,0,0,0,0,0,0,0,0
1,0,0,1,1,0,0,0,0,0,0,0,0,0,0,0,0,0
0,0,0,0,1,0,1,0,0,0,0,0,0,0,0,0,0,0
0,0,0,0,0,0,1,0,0,0,0,0,0,0,0,0,0,0
1,0,0,0,0,0,0,0,0,0,0,0,0,0,0,0,0,0
0,0,0,0,0,0,1,0,0,0,0,0,0,0,0,0,0,0
0,0,1,0,0,0,0,0,0,0,0,0,0,0,0,0,0,0
0,0,0,0,0,0,0,0,0,0,0,0,0,0,1,0,0,0
0,0,0,0,0,0,1,0,0,0,0,0,0,0,0,0,0,0
0,1,0,0,0,0,0,1,0,0,0,0,0,0,0,0,1,0
0,0,0,1,1,0,0,0,0,1,0,0,0,1,0,0,0,0
1,0,0,0,1,1,0,0,0,0,0,0,0,0,0,0,0,0
0,1,0,0,1,0,0,0,0,0,0,1,0,0,0,0,0,0
0,0,0,0,1,0,0,0,0,0,0,0,0,0,0,0,0,0
0,0,0,0,0,0,1,0,0,0,0,0,0,0,0,0,0,0
1,1,0,0,0,0,0,0,0,0,0,0,0,0,0,0,0,0
1,0,0,0,0,0,0,0,0,0,0,0,0,0,0,0,0,0
1,1,1,0,0,0,0,0,0,0,0,0,0,0,0,0,0,0
1,0,0,0,0,0,1,0,0,0,0,0,0,0,0,0,0,0
0,0,0,0,0,0,1,0,0,0,0,0,0,0,0,0,0,0
1,0,0,0,0,0,1,0,0,0,0,0,0,0,0,0,0,0
0,0,0,0,0,1,1,0,0,0,0,0,0,0,0,0,0,0
1,0,0,0,0,0,1,0,0,0,0,0,0,0,0,0,0,0
1,1,0,0,0,0,0,0,0,0,0,0,0,0,1,0,0,0
0,0,1,0,0,0,1,0,0,0,0,0,0,0,0,0,0,0
0,0,0,0,0,0,1,0,0,0,0,0,0,0,0,0,0,0
0,0,1,0,0,0,1,0,0,0,0,0,0,0,0,0,0,0
1,0,0,0,0,0,1,0,0,0,0,0,0,0,0,0,0,0
0,0,0,0,0,0,1,0,0,0,0,0,0,0,0,0,0,0
0,1,0,0,1,0,0,0,0,0,0,0,0,0,0,0,0,0
1,1,0,0,0,0,0,1,0,0,0,0,0,0,0,0,0,0
0,1,0,0,0,0,0,1,0,0,0,1,0,0,0,0,0,0
1,0,0,0,0,0,0,0,0,0,0,1,0,0,0,0,0,0
0,0,0,0,0,0,1,0,0,0,0,0,0,0,0,0,0,0
0,0,0,1,0,0,1,0,0,0,0,0,0,0,0,0,0,0
0,0,0,0,0,0,1,0,0,0,0,0,0,0,0,0,0,0
0,0,0,0,0,0,1,0,0,0,0,0,0,0,0,0,0,0
0,0,0,0,0,0,0,0,1,1,1,0,0,0,0,0,0,0
0,0,0,0,0,0,0,0,1,0,0,0,0,0,1,0,0,0
0,0,0,0,0,0,0,0,0,0,0,0,0,1,0,0,0,0
0,0,0,1,0,1,0,0,0,0,0,1,0,0,0,0,0,0
1,0,0,0,0,0,0,0,1,0,0,0,0,0,0,0,0,0
1,1,0,0,0,0,0,0,0,0,0,1,0,0,0,0,0,0
0,1,0,0,1,0,0,0,0,0,0,0,0,0,0,0,0,0
1,0,0,0,0,0,1,0,0,0,0,0,0,0,0,0,0,0
0,1,0,0,1,0,0,0,0,0,0,0,0,0,0,0,0,0
1,0,0,0,0,0,0,0,0,0,0,0,0,0,0,0,0,0
0,1,0,0,0,0,0,0,0,0,0,0,0,0,0,0,0,0
0,0,0,0,1,0,0,0,0,1,0,0,0,0,0,0,0,0
0,0,0,0,0,0,1,0,0,0,1,0,0,0,0,0,0,0
0,0,0,0,0,0,1,0,0,0,0,0,0,0,0,0,0,0
0,0,0,0,0,0,1,0,0,0,0,0,0,0,0,0,0,0
1,1,0,0,0,0,0,0,0,0,0,1,0,0,0,0,0,0
0,0,0,0,0,0,1,0,0,0,0,0,0,0,0,0,0,0
1,0,0,0,0,0,1,0,0,0,0,0,0,0,0,0,0,0
1,1,0,0,0,0,0,1,0,0,0,0,0,0,0,0,0,0
1,0,0,0,0,0,0,0,0,0,0,0,0,0,0,0,0,0
0,0,0,0,0,0,1,0,0,0,0,0,0,0,0,0,0,0
1,1,0,0,0,0,0,1,0,0,0,0,0,0,0,0,0,0
0,0,0,0,0,0,1,0,0,0,1,0,0,0,0,0,0,0
0,0,0,0,0,0,1,0,0,0,0,0,0,0,0,0,0,0
0,0,0,0,0,0,1,0,0,0,0,0,0,0,0,0,0,0
1,0,0,0,0,0,1,0,0,0,0,0,0,0,0,0,0,0
1,1,0,0,0,0,1,0,0,0,0,0,0,0,0,0,0,0
0,0,0,1,0,0,0,0,0,0,1,0,0,0,0,0,0,0
0,0,0,0,0,0,1,0,0,0,0,0,0,0,0,0,0,0
0,0,0,0,0,1,0,0,0,0,0,0,0,0,0,1,0,0
0,0,0,0,0,0,1,0,0,0,0,0,0,0,0,0,0,0
0,0,0,0,1,0,0,0,0,1,0,0,0,1,0,0,0,0
0,0,0,0,0,0,1,0,0,0,0,1,0,0,0,0,0,0
1,0,0,0,0,0,0,0,0,0,0,1,0,0,0,0,0,0
0,0,0,1,1,0,1,0,1,1,0,0,0,0,0,0,0,0
0,0,0,0,0,0,1,0,0,0,0,0,0,0,0,0,0,0
0,0,0,0,1,0,0,0,0,0,0,0,1,0,0,0,0,0
1,0,0,0,0,0,0,0,0,0,0,0,0,0,1,1,0,0
0,0,0,1,1,0,0,0,1,1,0,0,0,0,0,0,0,0
1,1,0,0,0,0,0,0,1,0,0,0,0,0,0,0,0,0
1,0,0,0,0,0,0,0,0,0,0,0,0,0,0,0,0,0
1,0,1,0,0,0,0,0,0,1,0,0,0,0,0,0,0,0
0,0,0,0,0,0,1,0,0,0,0,0,0,0,1,0,0,0
1,0,1,0,0,0,0,0,0,0,0,0,0,0,0,1,0,0
0,0,0,0,0,0,1,0,0,0,0,0,0,0,0,0,0,0
1,0,0,0,0,0,0,0,0,0,0,0,0,0,0,0,0,0
0,0,0,0,0,0,1,0,0,0,0,0,0,0,0,0,0,0
1,0,0,0,0,0,0,0,0,0,0,0,0,0,0,0,0,0
1,0,0,0,0,0,0,0,1,0,0,1,0,0,0,0,0,0
1,0,0,0,0,0,0,0,0,0,0,0,0,0,0,0,0,0
1,0,1,0,0,0,1,0,0,0,0,1,0,0,0,0,0,0
1,0,0,0,0,0,0,0,0,0,0,0,0,0,0,0,0,0
1,0,0,0,0,0,0,0,0,0,0,0,0,0,0,0,0,0
0,0,0,1,0,0,1,0,0,1,1,0,0,0,0,0,0,0
1,1,0,0,0,1,0,0,0,0,0,0,0,0,0,0,0,0
1,1,1,0,0,0,0,1,0,0,0,0,0,1,0,0,0,0
1,0,1,0,0,0,0,0,0,0,0,0,0,0,0,0,0,0
0,0,0,0,0,0,1,0,0,0,0,0,0,0,0,0,0,0
1,0,0,0,1,0,0,0,0,0,0,0,0,1,0,0,0,0
1,0,0,0,0,0,0,0,0,0,0,0,0,0,0,0,0,0
1,0,0,0,0,0,1,0,0,0,0,0,0,0,0,0,0,0
0,0,0,0,0,1,1,0,0,0,0,0,0,0,0,0,0,0
0,0,0,0,0,0,1,0,0,0,0,0,0,0,0,0,0,0
0,0,1,0,0,0,1,0,0,0,0,0,0,0,0,0,0,0
1,0,0,0,1,1,0,0,0,0,0,0,0,0,0,0,0,0
0,0,0,0,0,0,1,0,0,0,0,0,0,0,0,0,0,0
1,0,1,1,0,0,0,0,1,1,0,0,0,0,0,0,0,0
1,0,1,0,0,0,1,0,1,0,0,0,0,0,0,0,0,0
1,0,0,0,0,0,0,0,0,0,0,1,0,0,0,0,0,0
1,0,0,0,0,0,0,0,0,0,0,1,0,0,0,0,0,0
0,0,0,0,0,0,1,0,0,0,0,0,0,0,0,0,0,0
1,0,0,0,0,0,0,0,0,0,0,1,0,0,0,0,0,0
1,0,0,0,0,0,1,0,0,0,0,0,0,0,0,0,0,0
1,0,1,0,0,0,0,0,0,0,0,0,0,0,0,0,0,0
1,0,1,0,0,0,1,0,0,0,0,0,0,0,0,0,0,0
1,0,0,0,0,0,1,0,0,0,0,0,0,0,0,0,0,0
1,1,0,0,0,0,0,0,0,0,0,1,0,0,0,0,0,0
1,0,0,0,0,0,0,0,1,1,0,0,0,0,0,0,0,0
1,0,0,0,0,0,1,0,0,0,0,0,0,0,0,0,0,0
0,0,0,0,0,0,1,0,0,0,0,0,0,0,0,0,0,0
0,0,0,0,0,0,1,0,0,0,0,0,0,0,0,0,0,0
0,0,0,0,0,0,1,0,0,0,0,0,0,0,0,0,0,0
1,0,0,0,0,0,1,0,0,0,0,0,0,0,0,0,0,0
0,0,0,0,0,0,1,0,0,0,0,0,0,0,0,0,0,0
0,1,0,0,0,0,0,0,0,0,0,0,0,0,0,0,0,0
1,0,0,0,0,0,0,0,0,0,0,0,0,1,0,0,0,0
0,0,0,0,0,0,1,0,0,0,0,0,0,0,0,0,0,0
1,0,0,0,0,0,1,0,0,0,1,0,0,0,0,0,0,0
0,0,1,0,0,0,1,0,0,0,0,0,0,0,0,0,0,0
0,0,1,0,0,0,1,0,0,0,0,0,0,0,0,0,0,0
1,0,0,0,0,0,0,0,0,0,0,0,0,0,0,0,0,0
1,1,0,0,0,0,0,0,0,0,0,0,0,0,0,0,0,0
